,weight,bias,loss
0,-1.0,-3.0,0.005244065484500425
1,-1.0,-2.3333332538604736,0.006272633810291457
2,-1.0,-1.6666666269302368,0.008529950243997367
3,-1.0,-1.0,0.013017553914965523
4,-1.0,-0.33333325386047363,0.021659624952977425
5,-1.0,0.33333325386047363,0.03792378690273553
6,-1.0,1.0,0.06756421661710872
7,-1.0,1.6666666269302368,0.1188782676604868
8,-1.0,2.3333332538604736,0.20120842593543187
9,-1.0,3.0,0.32111386567894634
10,-0.7777777910232544,-3.0,0.0052017530014860916
11,-0.7777777910232544,-2.3333332538604736,0.006283994619942859
12,-0.7777777910232544,-1.6666666269302368,0.008600202459640362
13,-0.7777777910232544,-1.0,0.013178667543250337
14,-0.7777777910232544,-0.33333325386047363,0.021984256919494783
15,-0.7777777910232544,0.33333325386047363,0.038555892861634654
16,-0.7777777910232544,1.0,0.06877641026045032
17,-0.7777777910232544,1.6666666269302368,0.1211727541319021
18,-0.7777777910232544,2.3333332538604736,0.2054889854128475
19,-0.7777777910232544,3.0,0.32896795092030745
20,-0.5555555820465088,-3.0,0.0051959674958397956
21,-0.5555555820465088,-2.3333332538604736,0.00634706585757643
22,-0.5555555820465088,-1.6666666269302368,0.008761012371978419
23,-0.5555555820465088,-1.0,0.013510411418216638
24,-0.5555555820465088,-0.33333325386047363,0.022636376096426887
25,-0.5555555820465088,0.33333325386047363,0.039816717684432165
26,-0.5555555820465088,1.0,0.07118646097040485
27,-0.5555555820465088,1.6666666269302368,0.12571826443232756
28,-0.5555555820465088,2.3333332538604736,0.21391253258810122
29,-0.5555555820465088,3.0,0.34421704426945665
30,-0.3333333134651184,-3.0,0.005249204375862064
31,-0.3333333134651184,-2.3333332538604736,0.0065099567414051
32,-0.3333333134651184,-1.6666666269302368,0.00910796362499756
33,-0.3333333134651184,-1.0,0.014198674296567447
34,-0.3333333134651184,-0.33333325386047363,0.023973470918571535
35,-0.3333333134651184,0.33333325386047363,0.042385246290099286
36,-0.3333333134651184,1.0,0.07606034753555183
37,-0.3333333134651184,1.6666666269302368,0.13480913144167173
38,-0.3333333134651184,2.3333332538604736,0.23045940936892362
39,-0.3333333134651184,3.0,0.3733213119994741
40,-0.1111111044883728,-3.0,0.005413974284699786
41,-0.1111111044883728,-2.3333332538604736,0.006877873706636668
42,-0.1111111044883728,-1.6666666269302368,0.009846198058943248
43,-0.1111111044883728,-1.0,0.01563854264815442
44,-0.1111111044883728,-0.33333325386047363,0.026746959471227173
45,-0.1111111044883728,0.33333325386047363,0.04766429211688152
46,-0.1111111044883728,1.0,0.08594169781184581
47,-0.1111111044883728,1.6666666269302368,0.15285185048442743
48,-0.1111111044883728,2.3333332538604736,0.2622423326296336
49,-0.1111111044883728,3.0,0.42658706249773726
50,0.1111111044883728,-3.0,0.005806672926528942
51,0.1111111044883728,-2.3333332538604736,0.007678479349942033
52,0.1111111044883728,-1.6666666269302368,0.011414715265008264
53,0.1111111044883728,-1.0,0.01866565044180559
54,0.1111111044883728,-0.33333325386047363,0.03251768552762182
55,0.1111111044883728,0.33333325386047363,0.05848269577974191
56,0.1111111044883728,1.0,0.1057172903390545
57,0.1111111044883728,1.6666666269302368,0.18767419305331592
58,0.1111111044883728,2.3333332538604736,0.32040899330916134
59,0.1111111044883728,3.0,0.5172199628043248
60,0.3333333134651184,-3.0,0.006681274758335045
61,0.3333333134651184,-2.3333332538604736,0.009402079368018273
62,0.3333333134651184,-1.6666666269302368,0.014747180621515667
63,0.3333333134651184,-1.0,0.02502355629559772
64,0.3333333134651184,-0.33333325386047363,0.044440731779359526
65,0.3333333134651184,0.33333325386047363,0.08026671809132126
66,0.3333333134651184,1.0,0.14399080197756664
67,0.3333333134651184,1.6666666269302368,0.2512672561570162
68,0.3333333134651184,2.3333332538604736,0.4185472095048406
69,0.3333333134651184,3.0,0.6558922694216024
70,0.5555555820465088,-3.0,0.00858805575525139
71,0.5555555820465088,-2.3333332538604736,0.013096533028986035
72,0.5555555820465088,-1.6666666269302368,0.02179850513184893
73,0.5555555820465088,-1.0,0.038240158234808856
74,0.5555555820465088,-0.33333325386047363,0.06854558697858114
75,0.5555555820465088,0.33333325386047363,0.12245130622997699
76,0.5555555820465088,1.0,0.2135671328971433
77,0.5555555820465088,1.6666666269302368,0.35738075014900605
78,0.5555555820465088,2.3333332538604736,0.5661428460494572
79,0.5555555820465088,3.0,0.8427766749949394
80,0.7777777910232544,-3.0,0.01270794909725934
81,0.7777777910232544,-2.3333332538604736,0.020961185924617175
82,0.7777777910232544,-1.6666666269302368,0.036521758660555556
83,0.7777777910232544,-1.0,0.0650151717150271
84,0.7777777910232544,-0.33333325386047363,0.11514290591707765
85,0.7777777910232544,0.33333325386047363,0.19858362754601586
86,0.7777777910232544,1.0,0.32807362094865283
87,0.7777777910232544,1.6666666269302368,0.5139140905324622
88,0.7777777910232544,2.3333332538604736,0.760849586558299
89,0.7777777910232544,3.0,1.0665287233682563
90,1.0,-3.0,0.021522778897215402
91,1.0,-2.3333332538604736,0.03743246188296534
92,1.0,-1.6666666269302368,0.06635502603535734
93,1.0,-1.0,0.11656150151431624
94,1.0,-0.33333325386047363,0.19839854955183314
95,1.0,0.33333325386047363,0.3218236288230808
96,1.0,1.0,0.4934411201911699
97,1.0,1.6666666269302368,0.7159604744434052
98,1.0,2.3333332538604736,0.9897447273654143
99,1.0,3.0,1.3125855539135967
